245
237
249
118
211
158
211
215
224
52
38
1
159
145
107
66
131
161
157
58
112
124
39
136
150
249
186
254
209
59
98
50
94
202
73
86
25
85
231
107
67
101
43
148
205
155
65
50
216
16
102
228
105
183
211
133
142
206
95
219
141
72
243
108
8
27
65
55
114
141
43
96
243
40
192
208
190
118
201
110
154
248
10
104
226
57
194
23
187
16
0
219
133
40
232
95
11
61
75
190
41
61
51
56
242
168
4
52
201
49
49
180
191
151
71
193
89
248
90
194
115
14
60
37
3
198
231
57
171
162
34
74
224
132
253
82
225
151
36
146
218
69
79
104
146
83
192
240
179
133
230
233
107
232
143
105
193
90
21
138
30
251
40
97
104
77
255
185
102
167
203
248
155
231
167
204
104
189
107
125
106
92
82
0
250
214
155
168
250
37
196
85
133
162
59
6
99
38
192
111
213
122
4
63
209
76
32
82
61
98
163
249
24
62
145
207
189
85
176
85
142
197
192
229
202
20
56
195
106
245
84
6
219
64
178
65
19
103
19
152
66
208
148
61
91
146
25
252
140
71
247
161
113
199
117
129
84
118
115
234
159
74
243
196
6
195
69
104
226
69
196
61
193
242
251
246
68
40
73
3
130
235
175
137
63
95
152
153
133
54
49
131
100
85
70
254
195
28
34
90
101
200
70
120
31
24
38
143
120
64
153
65
21
225
98
78
174
231
218
151
33
236
101
108
142
35
73
26
102
0
98
27
86
251
81
168
4
222
94
6
183
74
232
158
170
216
48
9
55
252
231
167
13
76
162
23
178
123
156
91
26
19
165
117
37
53
102
55
1
117
180
202
165
195
182
164
72
33
27
107
8
139
138
68
254
170
212
255
115
105
166
178
203
213
27
114
54
253
254
203
200
123
90
139
249
136
106
33
68
211
77
142
33
215
231
133
44
81
120
5
107
7
57
146
227
246
105
83
8
205
183
112
64
197
224
15
55
234
122
195
255
84
189
250
167
100
30
224
216
227
177
151
242
7
88
145
175
220
164
35
5
233
169
111
137
149
131
202
84
110
250
3
8
180
209
120
177
116
164
178
227
10
226
165
92
18
169
86
177
11
209
247
159
132
238
181
63
230
219
154
173
111
69
227
27
60
20
37
164
255
170
123
248
58
156
145
38
5
57
142
133
164
169
151
234
10
95
139
231
226
88
227
205
111
111
100
177
84
252
87
122
94
192
16
170
5
185
97
115
171
99
187
5
66
116
119
115
29
157
61
182
104
205
60
109
116
69
195
146
222
133
35
121
11
125
113
242
202
186
35
70
206
148
162
131
144
83
238
30
207
163
115
184
38
84
108
184
241
20
149
202
122
204
252
16
9
245
160
223
239
4
91
220
146
76
30
8
107
116
171
177
115
195
48
205
146
173
28
219
219
114
25
90
4
83
219
235
234
94
177
142
49
74
69
63
45
236
65
180
23
213
72
37
115
136
158
158
28
74
45
21
149
89
23
68
67
248
198
24
111
80
81
139
37
33
241
106
45
148
126
171
203
235
178
207
215
86
87
180
248
203
60
17
172
101
78
240
228
70
41
127
184
87
33
215
220
231
129
199
167
194
240
156
101
204
10
201
17
47
109
202
235
127
174
183
138
164
174
93
114
163
80
113
234
247
174
190
119
52
228
53
112
53
119
139
194
162
141
199
51
218
103
242
214
125
91
153
237
192
132
82
250
135
217
63
77
51
8
34
67
162
247
181
157
158
161
86
113
178
145
207
252
3
117
116
50
200
128
182
167
25
61
54
231
206
74
168
139
102
253
252
186
84
132
89
175
60
102
9
174
161
60
146
126
79
244
156
220
222
203
213
76
127
207
76
182
96
174
146
150
10
5
189
136
84
156
21
162
127
152
53
7
249
79
180
121
154
111
166
113
207
131
136
115
192
234
135
202
212
165
139
250
95
30
159
249
214
70
2
134
139
145
96
118
115
67
154
97
180
196
133
67
196
253
164
207
171
31
90
69
181
213
223
1
205
225
147
178
38
145
215
198
111
138
192
149
192
77
115
99
142
164
25
163
229
23
224
184
218
11
41
47
34
75
56
151
116
123
71
137
153
47
19
164
88
189
178
104
212
232
239
244
166
205
196
32
249
30
16
186
170
173
137
106
61
233
19
178
118
32
184
25
73
177
98
238
7
134
37
9
223
36
73
72
81
30
249
183
236
64
228
132
152
98
229
251
231
113
1
175
173
235
211
197
182
188
1
215
225
175
